[Console output redirected to file:C:\Users\hp\workspace\CloudMarketplaceBroker\OutputData\crispCost.txt]
0.9476
0.9475999999999999
0.9475999999999998
0.9475999999999997
0.9475999999999997
0.9475999999999999
0.9476000000000002
0.9476000000000003
0.9476000000000004
0.9476000000000006
0.9476000000000006
0.9476000000000007
0.9476000000000007
0.9476000000000008
0.9476000000000008
0.9476000000000008
0.9476000000000008
0.9476000000000009
0.9476000000000009
0.9476000000000009
0.9476000000000007
0.9476000000000004
0.9476000000000003
0.9476000000000001
0.9475999999999999
0.9475999999999997
0.9475999999999996
0.9475999999999993
0.9475999999999992
0.947599999999999
0.9475999999999989
0.9475999999999988
0.9475999999999986
0.9475999999999983
0.9475999999999982
0.947599999999998
0.9475999999999979
0.9475999999999978
0.9475999999999976
0.9475999999999974
0.9475999999999974
0.9475999999999974
0.9475999999999974
0.9475999999999973
0.9475999999999973
0.9475999999999972
0.9475999999999971
0.9475999999999971
0.947599999999997
0.947599999999997
0.9475999999999969
0.9475999999999969
0.9475999999999968
0.9475999999999968
0.9475999999999967
0.9475999999999967
0.9475999999999967
