[Invalid file specified for console output: ${workspace_loc:/CloudMarketplaceBroker/OutputData/crispCost.txt}]
0.9476
0.9475999999999999
0.9475999999999999
0.9475999999999999
0.9475999999999998
0.9475999999999998
0.9475999999999998
0.9475999999999997
0.9475999999999997
0.9475999999999997
0.9475999999999997
0.9475999999999997
0.9475999999999997
0.9475999999999997
0.9475999999999997
0.9475999999999997
0.9445631578947369
0.9081399999999998
0.9341130434782609
0.9328107142857146
0.9307516129032262
0.9221250000000004
0.9140156250000003
0.9162777777777781
0.9146105263157899
0.9064650000000004
0.9015619047619051
0.8996155555555561
0.8954000000000005
0.9070880000000007
0.9083339622641516
0.9055785714285721
0.9008228070175445
0.8984616666666674
0.8950903225806457
0.8953661290322587
0.9050629032258072
0.9031952380952388
0.9139174603174611
0.9124761904761912
0.9132369230769238
0.9121323076923084
0.9108500000000007
0.9104701492537322
0.9125791044776126
0.9130420289855079
0.9154813333333338
0.9148519480519481
0.9161632911392408
0.916910975609756
0.916985882352941
0.9173590909090907
0.9177393258426962
0.9193866666666664
0.9195844444444441
0.9195760869565212
0.9207655913978487
0.9203239583333325
0.9212091836734685
USERREQ ID	REQ COST	AVG COST	REQ AVAIL	AVG AVAIL	REQ BW	AVG BW
35	111.0	114.16666666666667	87.57486953580089	92.6821799414277	83.93169461574188	87.4971340665743
36	119.0	110.0	91.60325152600606	82.95194059264438	94.41309774797212	72.42794053954786
33	133.0	110.0	96.89044662575378	80.01827753052413	86.93329874552046	75.5511560673122
34	146.0	115.0	85.19326606315134	94.55999999999996	77.85790850961598	91.0
39	127.0	156.94117647058823	92.76369510414624	90.33034982311244	98.86464705383082	42.292104926411184
37	120.0	113.28571428571429	82.74061427244142	89.79972800266411	96.70194371763885	85.63057963110425
38	124.0	115.0	81.19099186089365	94.55999999999996	78.63398378883782	91.0
43	105.0	113.75	84.58764009369276	90.68748308548224	75.25407311499326	87.36801696117301
42	110.0	114.54545454545455	92.79084959102536	93.43513854664747	79.43455664459712	89.96696802471355
41	119.0	115.0	88.34685014634724	94.55999999999996	87.59351844313161	91.0
40	146.0	115.0	86.86246271088005	94.55999999999996	74.77486955537168	91.0
22	121.0	115.0	84.47551297921706	94.55999999999996	73.0014000397061	91.0
23	104.0	155.0	93.80094302560704	82.23	95.38249780825333	83.0
24	105.0	110.0	93.3767603242114	81.08849983674249	70.13952733302992	75.58214264410215
25	148.0	115.0	87.57260812553099	94.55999999999996	79.27333940111177	91.0
26	143.0	114.625	98.07565800613739	94.38193578188636	94.39654743033952	89.40492122117101
27	118.0	112.625	97.83339890953654	89.19451981603738	83.68167360410452	83.91464056052928
28	138.0	115.0	90.78243906219598	94.55999999999996	73.64031285842086	91.0
29	141.0	110.0	95.87182082386126	80.73415494726913	74.36482676334232	75.76993857593922
3	146.0	115.0	85.82211727301598	94.56000000000007	75.1536413798654	91.0
2	140.0	115.0	97.04863082586782	94.56000000000007	91.14877375320822	91.0
1	106.0	112.54237288135593	82.29189460453446	91.61189833904675	74.87703357178607	86.26463233200445
30	112.0	114.61538461538461	91.67261225353168	93.93463845785118	92.99594182295625	90.04069767630921
7	119.0	113.72727272727273	94.05496790366986	94.51863078566471	84.21423004165689	90.03027767380472
6	108.0	113.66071428571429	87.13223465552825	93.01572661696802	90.05341550849813	89.04861806158348
32	102.0	110.0	86.74183550659626	79.36991330318767	71.61201989351142	75.34372181454187
5	145.0	113.53448275862068	98.6741043147745	94.28038379756171	82.9199901954388	89.48154680613985
31	113.0	114.61538461538461	88.6800147809141	92.81933061184868	92.6193295184375	90.58800690868004
4	134.0	115.0	95.56005478118887	94.56000000000007	98.99437924266556	91.0
9	118.0	113.79629629629629	88.94809047147469	94.5204358079344	80.54893253854965	88.8585846431227
8	144.0	113.72727272727273	92.56217692954002	94.18761909423432	81.54749483183203	89.30456561929773
19	127.0	115.0	85.51013025554825	94.55999999999996	81.54283428940204	91.0
17	102.0	155.0	88.09847027892046	82.23	95.7409002052555	83.0
18	149.0	115.0	85.89751805325777	94.55999999999996	80.63815050920296	91.0
15	119.0	112.5	98.58985454255159	90.81287117738742	71.10471055139118	84.46596179269429
16	124.0	114.6590909090909	85.12065542433395	93.43982300943803	88.49249963183034	90.29030798207226
13	140.0	115.0	80.95823619897187	94.56	82.91960328418936	91.0
14	150.0	115.0	88.44584929189449	94.55999999999999	80.07922552870974	91.0
11	113.0	113.9423076923077	82.01656303615452	94.14856417708792	89.61546553706876	89.22519032477203
12	105.0	113.125	83.19324835028159	89.56976078577969	73.03243533739656	85.89394150739355
21	147.0	115.0	87.32709539875263	94.55999999999996	95.62863362800105	91.0
20	114.0	112.73809523809524	87.71447755451037	88.79730546244984	89.09573241500993	82.61162321136644
98	128.0	115.0	85.20335857019502	94.56	92.67231833919098	91.0
97	100.0	110.0	91.74954282654558	79.8225767181815	95.94849851248429	60.04025921747122
96	136.0	115.0	89.52522480758574	94.56	92.31758778567962	91.0
95	144.0	115.0	85.03049342756476	94.56	89.59765900608198	91.0
94	108.0	110.0	94.18758026988802	76.73328810021297	71.63094056801235	67.819549257428
93	149.0	115.0	96.8886077462914	94.56	70.43148706025504	91.0
92	128.0	115.0	87.72805410027303	94.56	81.53432611081914	91.0
91	126.0	129.0	83.32481656680307	83.25078578734765	97.61045074906221	55.843841715790305
90	107.0	112.5	93.61230096473571	87.9836296256348	88.39085714759167	84.02243843911805
10	146.0	115.0	89.52235140591208	94.56000000000004	78.67527897563585	91.0
88	145.0	115.0	86.78793498005585	94.56	74.99162894931521	91.0
89	139.0	115.0	81.524887544845	94.56000000000002	95.57718775432741	91.0
79	102.0	113.63636363636364	98.91553328672592	91.73680708777057	81.69557318936073	86.90672403005159
78	133.0	115.0	83.70405000768243	94.55999999999999	84.59924274514721	91.0
77	147.0	115.0	90.09262383867204	94.55999999999999	80.26818089536523	91.0
82	105.0	163.2	95.99126265908315	92.78964834772157	96.70757195347794	39.21016598642836
83	101.0	115.0	80.27345343642499	94.56	70.20262485988982	91.0
80	127.0	115.0	81.83171299937717	94.55999999999999	85.8120925435033	91.0
81	138.0	115.0	96.29810430938304	94.55999999999999	80.5690460614104	91.0
86	102.0	115.0	84.51253491611388	94.56	70.36595439036572	91.0
87	119.0	115.0	97.77051901989127	94.56	95.34838371167311	91.0
84	140.0	115.0	89.4856314590529	94.56	81.76975158719243	91.0
85	103.0	113.33333333333333	85.01116448324325	93.3534103601121	94.35364232592676	81.4429794731419
67	120.0	115.0	86.01696752068469	94.55999999999997	81.21483453139183	91.0
66	128.0	115.0	97.39101302816594	94.55999999999997	91.26673129701908	91.0
69	127.0	115.0	96.6080215740908	94.55999999999997	71.20953070202323	91.0
68	122.0	115.0	92.82330917718531	94.55999999999997	76.16838207388432	91.0
70	128.0	115.0	94.71324215961069	94.55999999999997	83.33861540050229	91.0
71	142.0	115.0	84.59508624751165	94.55999999999997	74.68717018168238	91.0
72	136.0	115.0	84.99225227212874	94.55999999999997	74.76670887683814	91.0
73	146.0	115.0	90.57654859225599	94.55999999999997	81.48333308118931	91.0
74	136.0	115.0	84.13652936065337	94.55999999999997	87.35843442620737	91.0
75	134.0	174.30769230769232	96.66298214869389	93.43914391404797	99.81958629933627	31.10738099355274
76	141.0	115.0	85.52249299213058	94.55999999999999	77.7222374716151	91.0
59	117.0	114.42307692307692	89.11155523898084	93.36657261139791	93.86004712931808	89.62836855355289
58	100.0	110.0	94.62868146644863	80.03612045261833	77.85121510223534	74.47858234726525
57	124.0	114.44444444444444	97.26917323785543	93.46108954727676	74.19940610245504	90.09872243578694
56	101.0	167.0	81.44900282628971	95.9217443277897	97.24530132134335	36.38360703112728
55	108.0	114.28571428571429	85.42211388064479	93.85558107063333	77.43309376108435	88.09225028509088
64	117.0	115.0	86.17235872521853	94.55999999999997	79.82389171302141	91.0
65	108.0	110.0	95.16944443251231	84.6941737388267	78.72271480912418	73.76320565843767
62	136.0	115.0	86.0055260531004	94.55999999999996	87.53891922036796	91.0
63	123.0	115.0	89.53921404178574	94.55999999999996	73.48813019080416	91.0
60	106.0	110.0	95.08723828868843	81.18277275454355	79.56208831396997	75.53396244963231
61	122.0	115.0	86.4344627846962	94.55999999999996	81.18341572761724	91.0
49	144.0	115.0	82.83101024727269	94.55999999999996	87.49439167390202	91.0
48	101.0	112.5	91.97445332229586	88.33104659825078	90.27408852007255	82.78092478910712
45	139.0	115.0	91.60258244093208	94.55999999999996	86.7157721963342	91.0
44	120.0	114.53125	89.34701524946578	92.87658941650963	91.49096430562138	88.81092448984231
47	104.0	115.0	80.22722824564981	94.55999999999996	92.92075134755325	91.0
46	134.0	115.0	80.20352565908645	94.55999999999996	72.02438694198962	91.0
51	112.0	114.48275862068965	92.00259938280514	94.33254185368358	80.57890693501103	89.57985917297417
52	131.0	115.0	89.55382065111043	94.55999999999996	72.20238346222462	91.0
53	123.0	113.62068965517241	80.86242519396973	92.52237882780152	93.75477456620074	86.12897776074247
54	108.0	110.0	96.91427462979424	82.80592726402722	80.2276561131793	75.41790370502488
50	119.0	110.0	92.69589169232806	82.82421313290227	94.30381794896401	75.48117493512197




VM ID	35	:	2.3214285714285716
VM ID	36	:	2.2797619047619047
VM ID	33	:	2.9047619047619047
VM ID	39	:	2.494047619047619
VM ID	37	:	2.8095238095238093
VM ID	43	:	2.6785714285714284
VM ID	42	:	2.380952380952381
VM ID	24	:	2.7023809523809526
VM ID	26	:	2.375
VM ID	27	:	2.3154761904761907
VM ID	29	:	2.863095238095238
VM ID	1	:	17.720238095238095
VM ID	30	:	2.7916666666666665
VM ID	7	:	13.988095238095237
VM ID	6	:	14.160714285714286
VM ID	32	:	2.7142857142857144
VM ID	5	:	16.029761904761905
VM ID	31	:	2.7261904761904763
VM ID	9	:	12.416666666666666
VM ID	8	:	13.44047619047619
VM ID	15	:	4.470238095238095
VM ID	16	:	2.4107142857142856
VM ID	11	:	10.416666666666666
VM ID	12	:	6.380952380952381
VM ID	20	:	2.761904761904762
VM ID	91	:	2.4345238095238093
VM ID	90	:	2.375
VM ID	79	:	2.3214285714285716
VM ID	82	:	2.2976190476190474
VM ID	85	:	2.0892857142857144
VM ID	75	:	1.005952380952381
VM ID	59	:	2.7916666666666665
VM ID	58	:	2.8154761904761907
VM ID	57	:	2.6904761904761907
VM ID	56	:	2.0238095238095237
VM ID	55	:	2.6845238095238093
VM ID	65	:	2.6547619047619047
VM ID	60	:	2.1547619047619047
VM ID	48	:	2.4285714285714284
VM ID	44	:	2.517857142857143
VM ID	51	:	2.9523809523809526
VM ID	53	:	2.2083333333333335
VM ID	54	:	2.982142857142857
VM ID	50	:	2.255952380952381
VM ID	INITIAL	FINAL
35	10	3
36	10	10
33	10	10
34	3	3
39	10	8
37	10	3
38	3	3
43	10	3
42	10	3
41	3	3
40	3	3
22	3	3
23	2	2
24	10	10
25	3	3
26	10	3
27	10	3
28	3	3
29	10	10
3	3	3
2	3	3
1	10	3
30	10	3
7	10	3
6	10	3
32	10	10
5	10	3
31	10	3
4	3	3
9	10	3
8	10	3
19	3	3
17	2	2
18	3	3
15	10	3
16	10	3
13	3	3
14	3	3
11	10	3
12	10	3
21	3	3
20	10	3
99	10	10
98	3	3
97	10	10
96	3	3
95	3	3
94	10	10
93	3	3
92	3	3
91	10	8
90	10	3
10	3	3
88	3	3
89	3	3
79	10	3
78	3	3
77	3	3
82	10	8
83	3	3
80	3	3
81	3	3
86	3	3
87	3	3
84	3	3
85	10	3
67	3	3
66	3	3
69	3	3
68	3	3
70	3	3
71	3	3
72	3	3
73	3	3
74	3	3
75	10	8
76	3	3
59	10	3
58	10	10
57	10	3
56	10	8
55	10	3
64	3	3
65	10	10
62	3	3
63	3	3
60	10	10
61	3	3
49	3	3
48	10	3
45	3	3
44	10	3
47	3	3
46	3	3
51	10	3
52	3	3
53	10	3
54	10	10
50	10	10
DONE !!!!
