0.8339
0.8241666666666667
0.7996666666666666
0.7887000000000001
0.7979249999999999
0.8042166666666666
0.7975714285714286
0.7976888888888888
0.7962363636363636
0.7885818181818184
0.7852181818181818
0.7827181818181818
0.7902769230769231
0.7888571428571428
0.7924352941176471
0.7868941176470589
0.788921052631579
0.7843105263157895
0.786645
0.7892000000000002
0.7887541666666668
0.7867560000000001
0.7847440000000002
0.7854269230769231
0.7855296296296295
0.7836814814814815
0.7836481481481482
0.7829666666666666
0.783737037037037
0.7873586206896553
0.7841482758620688
0.7834241379310343
0.7828724137931032
0.7845499999999999
0.7845903225806451
0.7830903225806449
0.78501875
0.7842625
0.7839812499999997
0.7834406250000001
0.788625
0.7870108108108108
0.7843918918918917
0.7843432432432433
0.7859948717948718
0.7851250000000001
0.7854341463414634
0.7853904761904764
0.7851813953488374
0.7836116279069764
0.7859466666666667
0.7840488888888888
0.7832244444444445
0.7833511111111113
0.7831111111111112
0.7839521739130434
0.7846361702127658
0.7850937500000003
0.7855700000000002
50
VM ID	REQ COST	AVG COST	REQ AVAIL	AVG AVAIL	REQ BW	AVG BW
19	178.0	100.0	92.3314682173185	79.81599696787562	80.0	78.90037335320179
35	131.0	100.0	80.59728841672847	78.61112330492178	35.0	77.33226373543343
17	188.0	100.0	81.76826363204346	79.14753529727867	98.0	80.71172300946786
36	133.0	100.0	98.33550340434017	79.59276727483262	31.0	78.44531799352161
18	164.0	100.0	87.93332798264977	79.7528890924926	74.0	79.9699401565882
33	188.0	100.0	96.48915445336507	79.76257504148795	95.0	80.77060632997537
15	105.0	100.0	82.5302135499554	79.18894139450347	49.0	78.73413690268733
34	175.0	100.0	82.13951653226604	77.17972564387688	33.0	78.45220668193619
16	133.0	100.0	82.27631612063793	78.11335994877074	88.0	81.18600115769354
39	177.0	100.0	94.71119941591223	79.99493041022411	69.0	81.83156462499481
13	184.0	100.0	85.12609311899872	79.42096593228752	52.0	78.35796517349183
14	100.0	100.0	97.28983733205901	76.84056991416078	49.0	78.75428497698354
37	126.0	100.0	80.3346173353316	79.27810212832009	30.0	79.62392585241045
11	165.0	100.0	83.51050094558938	79.15686932412517	91.0	79.4190268964217
38	149.0	100.0	81.11583031793285	78.13749086268109	93.0	79.50442434461894
12	108.0	100.0	80.62009597181594	79.68511873077412	32.0	79.79321476547285
21	185.0	100.0	83.56332342076075	76.91309455661403	23.0	80.87490630411001
20	116.0	100.0	97.23700457619844	79.78958644081902	98.0	81.11013390723987
43	163.0	100.0	91.34497133254104	78.70350343757595	66.0	79.70668464461484
42	119.0	100.0	92.50981854193351	81.30916478310967	43.0	82.25162594952205
41	133.0	100.0	84.27540910059194	76.81079764453722	14.0	80.01808744830848
40	169.0	100.0	91.45917295734411	75.45024763977987	84.0	79.01950939762246
49	166.0	100.0	98.75684994433081	79.15427609348251	21.0	76.17124974243585
48	132.0	100.0	85.87223432470184	74.85600618129764	52.0	81.68648086235991
45	136.0	100.0	96.4653267615229	76.98599439529433	92.0	80.35004783920711
44	199.0	100.0	86.40100656056511	80.30703680450796	43.0	78.45504896360288
47	147.0	100.0	98.0148357735744	80.54074376939828	37.0	77.44698645719399
46	167.0	100.0	81.22284877434411	79.43522241255077	84.0	83.26327830785675
22	192.0	100.0	81.60840285069618	78.68115700437893	79.0	81.65995622835285
23	136.0	100.0	93.46793961240448	80.45594696434841	24.0	81.13115556508289
24	195.0	100.0	81.13733815009556	79.12295144179595	59.0	80.46966994688603
25	160.0	100.0	92.39495924813743	80.96025581940873	15.0	79.86896456240875
26	134.0	100.0	86.33247382298592	77.90694647988971	79.0	79.27998448959046
27	111.0	100.0	85.99976681456317	79.07302506775801	70.0	78.57692800025437
28	198.0	100.0	91.73792830073383	78.64640257353223	92.0	79.18585475318694
29	101.0	100.0	85.64878735074403	79.78848715423962	24.0	79.78068241801132
3	110.0	100.0	82.15631134515674	79.2482359455421	62.0	80.17235086557145
2	173.0	100.0	95.09814329782127	80.57841483029522	68.0	79.8889689286099
10	170.0	100.0	80.01741114939574	79.90684943517039	98.0	79.65157500995247
1	135.0	100.0	95.51631353907456	80.33484562030898	10.0	80.70510254497788
30	173.0	100.0	81.79504397287687	79.96121615315143	39.0	80.18429241036736
7	107.0	100.0	82.99822849974777	79.7377793359724	11.0	80.77791911697952
6	130.0	100.0	97.3445979559068	79.98305869306223	65.0	80.87577346244733
32	135.0	100.0	98.98157146687846	78.17676912947553	78.0	80.86878155825721
5	175.0	100.0	90.92153357642874	81.20032672262907	87.0	78.18272914052865
31	119.0	100.0	95.28203541782378	80.02604772019664	37.0	79.89621380047849
4	142.0	100.0	85.90596167008776	80.1144452258393	83.0	79.69377682167807
9	131.0	100.0	88.80437213417427	80.73558184166167	28.0	78.63478357065355
8	109.0	100.0	80.91473954697834	77.60313441507598	30.0	79.57921949083659
50	104.0	100.0	98.59291973210779	75.35586733017279	65.0	70.8832228138774
DONE !!!!
